0 1.25645e+01 
1 -6.33228e+00 
2 -2.12769e+00 
3 -8.76221e-01 
4 -4.76807e-01 
5 -2.78076e-01 
6 -1.95557e-01 
7 -1.26709e-01 
8 -1.05225e-01 
9 -6.54297e-02 
10 -6.17676e-02 
11 -4.61426e-02 
12 -3.93066e-02 
13 -3.05176e-02 
14 -2.80762e-02 
15 -2.44141e-02 
16 -1.97754e-02 
17 -1.26953e-02 
18 -1.85547e-02 
19 -1.24512e-02 
20 -1.24512e-02 
21 -1.02539e-02 
22 -9.52148e-03 
23 -7.08008e-03 
24 -6.59180e-03 
25 -6.34766e-03 
26 -7.32422e-03 
27 -6.34766e-03 
28 -5.61523e-03 
29 -5.37109e-03 
30 -5.12695e-03 
31 -3.41797e-03 
32 -4.39453e-03 
33 -2.92969e-03 
34 -3.66211e-03 
35 -3.90625e-03 
36 -4.39453e-03 
37 -3.90625e-03 
38 -3.41797e-03 
39 -2.44141e-03 
40 -2.44141e-03 
41 -3.41797e-03 
42 -3.17383e-03 
43 -2.68555e-03 
44 -2.44141e-03 
45 -1.70898e-03 
46 -2.19727e-03 
47 -1.46484e-03 
48 -2.92969e-03 
49 -1.95312e-03 
50 -1.95312e-03 
51 -4.88281e-04 
52 -1.46484e-03 
53 -1.70898e-03 
54 -7.32422e-04 
55 -7.32422e-04 
56 -1.46484e-03 
57 -1.22070e-03 
58 -1.70898e-03 
59 -7.32422e-04 
60 -4.88281e-04 
61 0.00000e+00 
62 -9.76562e-04 
63 -9.76562e-04 
64 -9.76562e-04 
65 -1.22070e-03 
66 -2.44141e-04 
67 -1.22070e-03 
68 -4.88281e-04 
69 -1.22070e-03 
70 -1.95312e-03 
71 -7.32422e-04 
72 -1.22070e-03 
73 -7.32422e-04 
74 -1.46484e-03 
75 -4.88281e-04 
76 -7.32422e-04 
77 -4.88281e-04 
78 -9.76562e-04 
79 0.00000e+00 
80 -7.32422e-04 
81 -4.88281e-04 
82 -7.32422e-04 
83 -2.44141e-04 
84 -2.44141e-04 
85 0.00000e+00 
86 -2.44141e-04 
87 -1.22070e-03 
88 -2.44141e-04 
89 -2.44141e-04 
90 -2.44141e-04 
91 -2.44141e-04 
92 -2.44141e-04 
93 -2.44141e-04 
94 -2.44141e-04 
95 -1.22070e-03 
96 -7.32422e-04 
97 -4.88281e-04 
98 -4.88281e-04 
99 -7.32422e-04 
100 -2.44141e-04 
101 -4.88281e-04 
102 -4.88281e-04 
103 -7.32422e-04 
104 -2.44141e-04 
105 -4.88281e-04 
106 -9.76562e-04 
107 -7.32422e-04 
108 -2.44141e-04 
109 -2.44141e-04 
110 -2.44141e-04 
111 0.00000e+00 
112 -2.44141e-04 
113 0.00000e+00 
114 -2.44141e-04 
115 0.00000e+00 
116 -2.44141e-04 
117 0.00000e+00 
118 0.00000e+00 
119 0.00000e+00 
120 0.00000e+00 
121 -2.44141e-04 
122 0.00000e+00 
123 -2.44141e-04 
124 0.00000e+00 
125 -7.32422e-04 
126 -9.76562e-04 
127 -2.44141e-04 
128 0.00000e+00 
129 0.00000e+00 
130 -7.32422e-04 
131 0.00000e+00 
132 0.00000e+00 
133 -7.32422e-04 
134 -2.44141e-04 
135 0.00000e+00 
136 0.00000e+00 
137 -7.32422e-04 
138 0.00000e+00 
139 0.00000e+00 
140 -2.44141e-04 
141 0.00000e+00 
142 -2.44141e-04 
143 0.00000e+00 
144 -2.44141e-04 
145 -4.88281e-04 
146 0.00000e+00 
147 -4.88281e-04 
148 -2.44141e-04 
149 0.00000e+00 
150 0.00000e+00 
151 -2.44141e-04 
152 -2.44141e-04 
153 0.00000e+00 
154 -2.44141e-04 
155 -2.44141e-04 
156 -2.44141e-04 
157 0.00000e+00 
158 0.00000e+00 
159 -2.44141e-04 
160 -2.44141e-04 
161 -4.88281e-04 
162 -4.88281e-04 
163 0.00000e+00 
164 -2.44141e-04 
165 -2.44141e-04 
166 -2.44141e-04 
167 -4.88281e-04 
168 0.00000e+00 
169 0.00000e+00 
170 0.00000e+00 
171 0.00000e+00 
172 0.00000e+00 
173 -2.44141e-04 
174 -2.44141e-04 
175 -2.44141e-04 
176 -2.44141e-04 
177 -2.44141e-04 
178 -2.44141e-04 
179 0.00000e+00 
180 -2.44141e-04 
181 0.00000e+00 
182 -2.44141e-04 
183 -4.88281e-04 
184 -2.44141e-04 
185 0.00000e+00 
186 -2.44141e-04 
187 -7.32422e-04 
188 -2.44141e-04 
189 -4.88281e-04 
190 -2.44141e-04 
191 0.00000e+00 
192 0.00000e+00 
193 0.00000e+00 
194 0.00000e+00 
195 -2.44141e-04 
196 -4.88281e-04 
197 0.00000e+00 
198 0.00000e+00 
199 -2.44141e-04 
200 -2.44141e-04 
201 0.00000e+00 
202 -4.88281e-04 
203 0.00000e+00 
204 0.00000e+00 
205 -4.88281e-04 
206 -2.44141e-04 
207 0.00000e+00 
208 0.00000e+00 
209 0.00000e+00 
210 -2.44141e-04 
211 -4.88281e-04 
212 0.00000e+00 
213 0.00000e+00 
214 -2.44141e-04 
215 0.00000e+00 
216 0.00000e+00 
217 0.00000e+00 
218 0.00000e+00 
219 0.00000e+00 
220 0.00000e+00 
221 -4.88281e-04 
222 0.00000e+00 
223 -2.44141e-04 
224 0.00000e+00 
225 0.00000e+00 
226 0.00000e+00 
227 -4.88281e-04 
228 0.00000e+00 
229 0.00000e+00 
230 -2.44141e-04 
231 0.00000e+00 
232 0.00000e+00 
233 0.00000e+00 
234 0.00000e+00 
235 0.00000e+00 
236 0.00000e+00 
237 -2.44141e-04 
238 -2.44141e-04 
239 0.00000e+00 
240 0.00000e+00 
241 -2.44141e-04 
242 0.00000e+00 
243 0.00000e+00 
244 0.00000e+00 
245 0.00000e+00 
246 0.00000e+00 
247 0.00000e+00 
248 0.00000e+00 
249 0.00000e+00 
250 0.00000e+00 
251 0.00000e+00 
252 0.00000e+00 
253 0.00000e+00 
254 -2.44141e-04 
255 0.00000e+00 
256 0.00000e+00 
257 0.00000e+00 
258 -2.44141e-04 
259 0.00000e+00 
260 0.00000e+00 
261 0.00000e+00 
262 0.00000e+00 
263 0.00000e+00 
264 0.00000e+00 
265 0.00000e+00 
266 -2.44141e-04 
267 0.00000e+00 
268 -2.44141e-04 
269 0.00000e+00 
270 0.00000e+00 
271 0.00000e+00 
272 0.00000e+00 
273 -2.44141e-04 
274 0.00000e+00 
275 0.00000e+00 
276 0.00000e+00 
277 0.00000e+00 
278 0.00000e+00 
279 -2.44141e-04 
280 0.00000e+00 
281 0.00000e+00 
282 0.00000e+00 
283 0.00000e+00 
284 0.00000e+00 
285 0.00000e+00 
286 0.00000e+00 
287 0.00000e+00 
288 0.00000e+00 
289 0.00000e+00 
290 0.00000e+00 
291 0.00000e+00 
292 0.00000e+00 
293 0.00000e+00 
294 -4.88281e-04 
295 -2.44141e-04 
296 0.00000e+00 
297 0.00000e+00 
298 -4.88281e-04 
299 0.00000e+00 
300 0.00000e+00 
301 0.00000e+00 
302 0.00000e+00 
303 0.00000e+00 
304 -2.44141e-04 
305 0.00000e+00 
306 0.00000e+00 
307 0.00000e+00 
308 0.00000e+00 
309 0.00000e+00 
310 0.00000e+00 
311 0.00000e+00 
312 0.00000e+00 
313 -4.88281e-04 
314 0.00000e+00 
315 0.00000e+00 
316 0.00000e+00 
317 0.00000e+00 
318 0.00000e+00 
319 0.00000e+00 
320 0.00000e+00 
321 0.00000e+00 
322 0.00000e+00 
323 0.00000e+00 
324 0.00000e+00 
325 0.00000e+00 
326 0.00000e+00 
327 -4.88281e-04 
328 0.00000e+00 
329 0.00000e+00 
330 0.00000e+00 
331 0.00000e+00 
332 0.00000e+00 
333 0.00000e+00 
334 0.00000e+00 
335 0.00000e+00 
336 0.00000e+00 
337 0.00000e+00 
338 -4.88281e-04 
339 0.00000e+00 
340 0.00000e+00 
341 0.00000e+00 
342 0.00000e+00 
343 0.00000e+00 
344 -2.44141e-04 
345 0.00000e+00 
346 0.00000e+00 
347 0.00000e+00 
348 0.00000e+00 
349 0.00000e+00 
350 0.00000e+00 
351 0.00000e+00 
352 -2.44141e-04 
353 0.00000e+00 
354 0.00000e+00 
355 0.00000e+00 
356 0.00000e+00 
357 0.00000e+00 
358 0.00000e+00 
359 0.00000e+00 
360 0.00000e+00 
361 0.00000e+00 
362 0.00000e+00 
363 0.00000e+00 
364 -2.44141e-04 
365 0.00000e+00 
366 -2.44141e-04 
367 0.00000e+00 
368 -2.44141e-04 
369 0.00000e+00 
370 0.00000e+00 
371 0.00000e+00 
372 0.00000e+00 
373 0.00000e+00 
374 0.00000e+00 
375 0.00000e+00 
376 0.00000e+00 
377 0.00000e+00 
378 0.00000e+00 
379 0.00000e+00 
380 0.00000e+00 
381 0.00000e+00 
382 0.00000e+00 
383 0.00000e+00 
384 0.00000e+00 
385 0.00000e+00 
386 0.00000e+00 
387 0.00000e+00 
388 0.00000e+00 
389 0.00000e+00 
390 0.00000e+00 
391 0.00000e+00 
392 0.00000e+00 
393 0.00000e+00 
394 0.00000e+00 
395 0.00000e+00 
396 0.00000e+00 
397 0.00000e+00 
398 0.00000e+00 
399 0.00000e+00 
400 -2.44141e-04 
401 0.00000e+00 
402 0.00000e+00 
403 -2.44141e-04 
404 0.00000e+00 
405 0.00000e+00 
406 0.00000e+00 
407 0.00000e+00 
408 0.00000e+00 
409 0.00000e+00 
410 0.00000e+00 
411 0.00000e+00 
412 0.00000e+00 
413 0.00000e+00 
414 0.00000e+00 
415 0.00000e+00 
416 0.00000e+00 
417 0.00000e+00 
418 0.00000e+00 
419 0.00000e+00 
420 0.00000e+00 
421 -2.44141e-04 
422 0.00000e+00 
423 0.00000e+00 
424 0.00000e+00 
425 0.00000e+00 
426 0.00000e+00 
427 0.00000e+00 
428 0.00000e+00 
429 0.00000e+00 
430 0.00000e+00 
431 0.00000e+00 
432 -2.44141e-04 
433 0.00000e+00 
434 0.00000e+00 
435 0.00000e+00 
436 0.00000e+00 
437 0.00000e+00 
438 0.00000e+00 
439 0.00000e+00 
440 0.00000e+00 
441 0.00000e+00 
442 0.00000e+00 
443 0.00000e+00 
444 0.00000e+00 
445 0.00000e+00 
446 0.00000e+00 
447 0.00000e+00 
448 0.00000e+00 
449 0.00000e+00 
450 0.00000e+00 
451 0.00000e+00 
452 0.00000e+00 
453 0.00000e+00 
454 0.00000e+00 
455 0.00000e+00 
456 0.00000e+00 
457 0.00000e+00 
458 0.00000e+00 
459 0.00000e+00 
460 0.00000e+00 
461 0.00000e+00 
462 0.00000e+00 
463 0.00000e+00 
464 0.00000e+00 
465 -2.44141e-04 
466 0.00000e+00 
467 -2.44141e-04 
468 0.00000e+00 
469 0.00000e+00 
470 0.00000e+00 
471 0.00000e+00 
472 0.00000e+00 
473 0.00000e+00 
474 0.00000e+00 
475 0.00000e+00 
476 -2.44141e-04 
477 0.00000e+00 
478 0.00000e+00 
479 0.00000e+00 
480 0.00000e+00 
481 0.00000e+00 
482 0.00000e+00 
483 0.00000e+00 
484 0.00000e+00 
485 0.00000e+00 
486 0.00000e+00 
487 0.00000e+00 
488 0.00000e+00 
489 0.00000e+00 
490 0.00000e+00 
491 0.00000e+00 
492 -2.44141e-04 
493 0.00000e+00 
494 0.00000e+00 
495 0.00000e+00 
496 0.00000e+00 
497 0.00000e+00 
498 0.00000e+00 
499 0.00000e+00 
500 0.00000e+00 
501 0.00000e+00 
502 0.00000e+00 
503 0.00000e+00 
504 0.00000e+00 
505 0.00000e+00 
506 0.00000e+00 
507 -2.44141e-04 
508 0.00000e+00 
509 0.00000e+00 
510 0.00000e+00 
511 0.00000e+00 
512 0.00000e+00 
513 0.00000e+00 
514 0.00000e+00 
515 0.00000e+00 
516 0.00000e+00 
517 0.00000e+00 
518 0.00000e+00 
519 0.00000e+00 
520 0.00000e+00 
521 0.00000e+00 
522 0.00000e+00 
523 0.00000e+00 
524 0.00000e+00 
525 0.00000e+00 
526 0.00000e+00 
527 0.00000e+00 
528 0.00000e+00 
529 0.00000e+00 
530 0.00000e+00 
531 0.00000e+00 
532 0.00000e+00 
533 0.00000e+00 
534 0.00000e+00 
535 0.00000e+00 
536 0.00000e+00 
537 0.00000e+00 
538 -2.44141e-04 
539 0.00000e+00 
540 0.00000e+00 
541 0.00000e+00 
542 0.00000e+00 
543 0.00000e+00 
544 0.00000e+00 
545 0.00000e+00 
546 0.00000e+00 
547 0.00000e+00 
548 0.00000e+00 
549 0.00000e+00 
550 0.00000e+00 
551 0.00000e+00 
552 0.00000e+00 
553 0.00000e+00 
554 0.00000e+00 
555 0.00000e+00 
556 0.00000e+00 
557 0.00000e+00 
558 0.00000e+00 
559 0.00000e+00 
560 0.00000e+00 
561 0.00000e+00 
562 0.00000e+00 
563 0.00000e+00 
564 0.00000e+00 
565 0.00000e+00 
566 0.00000e+00 
567 0.00000e+00 
568 0.00000e+00 
569 0.00000e+00 
570 0.00000e+00 
571 0.00000e+00 
572 0.00000e+00 
573 0.00000e+00 
574 0.00000e+00 
575 0.00000e+00 
576 0.00000e+00 
577 0.00000e+00 
578 0.00000e+00 
579 0.00000e+00 
580 0.00000e+00 
581 0.00000e+00 
582 0.00000e+00 
583 0.00000e+00 
584 0.00000e+00 
585 0.00000e+00 
586 0.00000e+00 
587 0.00000e+00 
588 0.00000e+00 
589 0.00000e+00 
590 0.00000e+00 
591 0.00000e+00 
592 0.00000e+00 
593 0.00000e+00 
594 0.00000e+00 
595 0.00000e+00 
596 0.00000e+00 
597 0.00000e+00 
598 0.00000e+00 
599 0.00000e+00 
600 0.00000e+00 
601 0.00000e+00 
602 0.00000e+00 
603 0.00000e+00 
604 0.00000e+00 
605 0.00000e+00 
606 0.00000e+00 
607 0.00000e+00 
608 0.00000e+00 
609 0.00000e+00 
610 0.00000e+00 
611 0.00000e+00 
612 -2.44141e-04 
613 0.00000e+00 
614 0.00000e+00 
615 0.00000e+00 
616 0.00000e+00 
617 0.00000e+00 
618 0.00000e+00 
619 0.00000e+00 
620 0.00000e+00 
621 0.00000e+00 
622 0.00000e+00 
623 0.00000e+00 
624 0.00000e+00 
625 -2.44141e-04 
626 0.00000e+00 
627 0.00000e+00 
628 0.00000e+00 
629 0.00000e+00 
630 0.00000e+00 
631 0.00000e+00 
632 0.00000e+00 
633 -2.44141e-04 
634 0.00000e+00 
635 0.00000e+00 
636 0.00000e+00 
637 0.00000e+00 
638 0.00000e+00 
639 0.00000e+00 
640 0.00000e+00 
641 0.00000e+00 
642 0.00000e+00 
643 0.00000e+00 
644 0.00000e+00 
645 0.00000e+00 
646 0.00000e+00 
647 0.00000e+00 
648 0.00000e+00 
649 0.00000e+00 
650 0.00000e+00 
651 -2.44141e-04 
652 0.00000e+00 
653 0.00000e+00 
654 0.00000e+00 
655 0.00000e+00 
656 0.00000e+00 
657 0.00000e+00 
658 0.00000e+00 
659 0.00000e+00 
660 -2.44141e-04 
661 0.00000e+00 
662 0.00000e+00 
663 0.00000e+00 
664 0.00000e+00 
665 0.00000e+00 
666 0.00000e+00 
667 0.00000e+00 
668 0.00000e+00 
669 0.00000e+00 
670 0.00000e+00 
671 0.00000e+00 
672 0.00000e+00 
673 0.00000e+00 
674 0.00000e+00 
675 0.00000e+00 
676 0.00000e+00 
677 0.00000e+00 
678 0.00000e+00 
679 0.00000e+00 
680 0.00000e+00 
681 0.00000e+00 
682 0.00000e+00 
683 0.00000e+00 
684 0.00000e+00 
685 0.00000e+00 
686 0.00000e+00 
687 0.00000e+00 
688 0.00000e+00 
689 -2.44141e-04 
690 0.00000e+00 
691 0.00000e+00 
692 0.00000e+00 
693 0.00000e+00 
694 0.00000e+00 
695 0.00000e+00 
696 0.00000e+00 
697 0.00000e+00 
698 0.00000e+00 
699 0.00000e+00 
700 0.00000e+00 
701 0.00000e+00 
702 0.00000e+00 
703 0.00000e+00 
704 0.00000e+00 
705 -2.44141e-04 
706 0.00000e+00 
707 0.00000e+00 
708 0.00000e+00 
709 0.00000e+00 
710 0.00000e+00 
711 0.00000e+00 
712 0.00000e+00 
713 0.00000e+00 
714 0.00000e+00 
715 0.00000e+00 
716 0.00000e+00 
717 0.00000e+00 
718 0.00000e+00 
719 0.00000e+00 
720 -2.44141e-04 
721 0.00000e+00 
722 0.00000e+00 
723 0.00000e+00 
724 0.00000e+00 
725 0.00000e+00 
726 0.00000e+00 
727 0.00000e+00 
728 0.00000e+00 
729 0.00000e+00 
730 -2.44141e-04 
731 0.00000e+00 
732 0.00000e+00 
733 0.00000e+00 
734 0.00000e+00 
735 0.00000e+00 
736 0.00000e+00 
737 0.00000e+00 
738 0.00000e+00 
739 0.00000e+00 
740 0.00000e+00 
741 0.00000e+00 
742 0.00000e+00 
743 0.00000e+00 
744 0.00000e+00 
745 0.00000e+00 
746 0.00000e+00 
747 0.00000e+00 
748 0.00000e+00 
749 0.00000e+00 
750 0.00000e+00 
751 0.00000e+00 
752 0.00000e+00 
753 0.00000e+00 
754 0.00000e+00 
755 0.00000e+00 
756 0.00000e+00 
757 0.00000e+00 
758 0.00000e+00 
759 0.00000e+00 
760 0.00000e+00 
761 0.00000e+00 
762 0.00000e+00 
763 0.00000e+00 
764 0.00000e+00 
765 0.00000e+00 
766 0.00000e+00 
767 0.00000e+00 
768 0.00000e+00 
769 0.00000e+00 
770 0.00000e+00 
771 0.00000e+00 
772 0.00000e+00 
773 0.00000e+00 
774 0.00000e+00 
775 0.00000e+00 
776 0.00000e+00 
777 0.00000e+00 
778 0.00000e+00 
779 0.00000e+00 
780 0.00000e+00 
781 0.00000e+00 
782 0.00000e+00 
783 0.00000e+00 
784 0.00000e+00 
785 0.00000e+00 
786 0.00000e+00 
787 0.00000e+00 
788 0.00000e+00 
789 0.00000e+00 
790 0.00000e+00 
791 0.00000e+00 
792 0.00000e+00 
793 0.00000e+00 
794 0.00000e+00 
795 0.00000e+00 
796 0.00000e+00 
797 0.00000e+00 
798 0.00000e+00 
799 -2.44141e-04 
800 0.00000e+00 
801 0.00000e+00 
802 0.00000e+00 
803 0.00000e+00 
804 0.00000e+00 
805 0.00000e+00 
806 0.00000e+00 
807 0.00000e+00 
808 0.00000e+00 
809 0.00000e+00 
810 0.00000e+00 
811 0.00000e+00 
812 0.00000e+00 
813 0.00000e+00 
814 0.00000e+00 
815 0.00000e+00 
816 0.00000e+00 
817 0.00000e+00 
818 0.00000e+00 
819 0.00000e+00 
820 0.00000e+00 
821 0.00000e+00 
822 0.00000e+00 
823 0.00000e+00 
824 0.00000e+00 
825 0.00000e+00 
826 0.00000e+00 
827 -2.44141e-04 
828 0.00000e+00 
829 0.00000e+00 
830 0.00000e+00 
831 0.00000e+00 
832 0.00000e+00 
833 0.00000e+00 
834 0.00000e+00 
835 0.00000e+00 
836 0.00000e+00 
837 0.00000e+00 
838 0.00000e+00 
839 0.00000e+00 
840 0.00000e+00 
841 0.00000e+00 
842 0.00000e+00 
843 0.00000e+00 
844 0.00000e+00 
845 0.00000e+00 
846 0.00000e+00 
847 0.00000e+00 
848 0.00000e+00 
849 0.00000e+00 
850 0.00000e+00 
851 0.00000e+00 
852 0.00000e+00 
853 0.00000e+00 
854 0.00000e+00 
855 0.00000e+00 
856 0.00000e+00 
857 0.00000e+00 
858 0.00000e+00 
859 0.00000e+00 
860 0.00000e+00 
861 0.00000e+00 
862 0.00000e+00 
863 0.00000e+00 
864 0.00000e+00 
865 0.00000e+00 
866 0.00000e+00 
867 0.00000e+00 
868 0.00000e+00 
869 0.00000e+00 
870 0.00000e+00 
871 0.00000e+00 
872 0.00000e+00 
873 0.00000e+00 
874 0.00000e+00 
875 0.00000e+00 
876 0.00000e+00 
877 0.00000e+00 
878 0.00000e+00 
879 0.00000e+00 
880 0.00000e+00 
881 0.00000e+00 
882 0.00000e+00 
883 0.00000e+00 
884 -2.44141e-04 
885 0.00000e+00 
886 0.00000e+00 
887 0.00000e+00 
888 0.00000e+00 
889 0.00000e+00 
890 0.00000e+00 
891 0.00000e+00 
892 0.00000e+00 
893 0.00000e+00 
894 0.00000e+00 
895 0.00000e+00 
896 0.00000e+00 
897 0.00000e+00 
898 0.00000e+00 
899 0.00000e+00 
900 0.00000e+00 
901 0.00000e+00 
902 0.00000e+00 
903 0.00000e+00 
904 0.00000e+00 
905 0.00000e+00 
906 0.00000e+00 
907 0.00000e+00 
908 0.00000e+00 
909 0.00000e+00 
910 -4.88281e-04 
911 0.00000e+00 
912 0.00000e+00 
913 0.00000e+00 
914 0.00000e+00 
915 0.00000e+00 
916 0.00000e+00 
917 0.00000e+00 
918 0.00000e+00 
919 0.00000e+00 
920 0.00000e+00 
921 0.00000e+00 
922 0.00000e+00 
923 0.00000e+00 
924 0.00000e+00 
925 0.00000e+00 
926 0.00000e+00 
927 0.00000e+00 
928 0.00000e+00 
929 0.00000e+00 
930 0.00000e+00 
931 0.00000e+00 
932 0.00000e+00 
933 0.00000e+00 
934 0.00000e+00 
935 0.00000e+00 
936 0.00000e+00 
937 0.00000e+00 
938 0.00000e+00 
939 0.00000e+00 
940 0.00000e+00 
941 0.00000e+00 
942 0.00000e+00 
943 0.00000e+00 
944 0.00000e+00 
945 0.00000e+00 
946 0.00000e+00 
947 0.00000e+00 
948 0.00000e+00 
949 0.00000e+00 
950 0.00000e+00 
951 0.00000e+00 
952 0.00000e+00 
953 0.00000e+00 
954 0.00000e+00 
955 -2.44141e-04 
956 0.00000e+00 
957 0.00000e+00 
958 0.00000e+00 
959 0.00000e+00 
960 0.00000e+00 
961 0.00000e+00 
962 0.00000e+00 
963 0.00000e+00 
964 0.00000e+00 
965 0.00000e+00 
966 0.00000e+00 
967 0.00000e+00 
968 0.00000e+00 
969 0.00000e+00 
970 0.00000e+00 
971 0.00000e+00 
972 0.00000e+00 
973 0.00000e+00 
974 0.00000e+00 
975 0.00000e+00 
976 0.00000e+00 
977 0.00000e+00 
978 0.00000e+00 
979 0.00000e+00 
980 0.00000e+00 
981 0.00000e+00 
982 0.00000e+00 
983 0.00000e+00 
984 0.00000e+00 
985 0.00000e+00 
986 0.00000e+00 
987 0.00000e+00 
988 0.00000e+00 
989 0.00000e+00 
990 0.00000e+00 
991 0.00000e+00 
992 0.00000e+00 
993 0.00000e+00 
994 0.00000e+00 
995 0.00000e+00 
996 0.00000e+00 
997 0.00000e+00 
998 0.00000e+00 
999 0.00000e+00 
1000 0.00000e+00 
1001 0.00000e+00 
1002 0.00000e+00 
1003 0.00000e+00 
1004 0.00000e+00 
1005 0.00000e+00 
1006 0.00000e+00 
1007 0.00000e+00 
1008 0.00000e+00 
1009 0.00000e+00 
1010 0.00000e+00 
1011 0.00000e+00 
1012 0.00000e+00 
1013 0.00000e+00 
1014 0.00000e+00 
1015 0.00000e+00 
1016 0.00000e+00 
1017 0.00000e+00 
1018 0.00000e+00 
1019 0.00000e+00 
1020 0.00000e+00 
1021 0.00000e+00 
1022 0.00000e+00 
